10000255784
10000422513
10000488733
10000846733
10001806735
10002270856
10002410723
10002553393
10002941223
10003306303
10003502836
10005108605
10006095865
10006434483
10006814584
10007103323
10007499104
10007987466
10008253793
10009240803
10009608044
10009751675
10010002595
10010533626
10010585066
10010701016
10011068003
10011701646
10011807106
10012847416
10012978255
10013328406
10013889744
10014561065
10015247853
10015713906
10015821133
10016517566
10017067023
10017302383
10017374694
10017525735
10017583194
10017906253
10018471844
10018807214
10019174804
10019183796
10019317565
10022946583
10023433023
10025185293
10026948093
10027293585
10027370116
10027614186
10027911634
10028321233
10028337256
10028414874
10028668794
10029289946
10030471254
10030566396
10031124375
10031128985
10031886664
10032220765
10032320886
10033233044
10033773034
10034302233
10035545414
10036236893
10036279783
10037164326
10037602934
10037622665
10039139775
10039666444
10040423784
10040842164
10043250876
10044544275
10044846633
10045112134
10048130513
10048726926
10049501773
10050962695
10051138866
10051170183
10051582325
10052670004
10054535815
10054937926
10055170255
10055538414
10056221995
10057330243
10057475985
10057941965
10058111554
10058119006
10058544286
10058665735
10061025596
10061661903
10061690244
10061708904
10061833074
10063204436
10063399986
10065792276
10067230126
10067241654
10068183454
10068224105
10068549655
10070046624
10070152853
10070161796
10071604243
10071918463
10072375223
10073637083
10075418533
10076866096
10078907524
10079106254
10079247716
10079483595
10079488423
10080301986
10080710065
10080807636
10083146266
10084329543
10085024583
10085211563
10085789025
10087134296
10087158933
10087201046
10087600173
10087887326
10088497685
10089890726
10091646743
10091670084
10091700696
10091990454
10092040795
10092098084
10092288814
10092303034
10092585996
10092633246
10093775503
10094029846
10094356455
10094783803
10095019693
10095276973
10095609846
10095872135
10096005176
10097593105
10099133466
10099641285
10100003763
10100938615
10101452364
10101521806
10101640895
10101738305
10101741553
10101928915
10101952233
10102127445
10103704384
10105606456
10106489083
10107074043
10108214164
10108259454
10108485173
10108512265
10109043113
10109194234
10109503853
10110011994
10110091753
10111387915
10111666604
10111825943
10113363285
10114745946
10117412255
10117983905
10118617703
10118791336
10119098325
10119407766
10119727205
10120272553
10122115925
10122428176
10128004396
10128121135
10128135134
10128179135
10128371074
10128920814
10128958573
10129367545
10129410036
10129794656
10129867094
10130081774
10130105674
10130282456
10130587493
10131891194
10131933833
10132900365
10132953463
10132965386
10134555884
10135062465
10137270306
10139229915
10142097476
10142721273
10144135585
10144707194
10144876355
10145876023
10146434506
10147676393
10147701796
10147717074
10147740086
10148360995
10148585633
10148944315
10149015303
10149411086
10149720643
10150827303
10151377144
10151400533
10151497104
10151521264
10154118214
10154615323
10154753783
10154848914
10154851525
10155096216
10155242406
10155910464
10156077285
10156222405
10157333134
10158976714
10159486766
10162037185
10162331193
10163023623
10163871943
10164113386
10164116004
10164117646
10164281175
10168001135
10168364356
10169059304
10169067613
10169243843
10169441626
10169738705
10170081495
10173549335
10174495393
10174525016
10176177893
10177504923
10178533146
10178815993
10179073843
10179433466
10181049316
10181314856
10181401445
10187226026
10187551615
10187642486
10187792735
10188485485
10188571314
10189263195
10191090654
10191546183
10191700776
10192296536
10193293756
10194258636
10194478046
10195365423
10196841563
10196890213
10196964824
10199057586
10199642683
10200377216
10200875865
10201045065
10201500953
10202701333
10202857153
10204134413
10205325013
10205384645
10205442604
10205490426
10205532266
10206245424
10207676754
10208263043
10208609293
10212616386
10213208764
10218061725
10220739326
10224244264
10226535254
10231033875
10231535365
10232448115
10232819925
10233074483
10233670105
10234041316
10234874536
10235650445
10237598774
10238118455
10238410215
10238440385
10238484254
10238506533
10242963983
10245453103
10245663325
10246024254
10247095573
10247166316
10248278645
10248310495
10248387483
10249041396
10249160715
10249288235
10249880854
10250432725
10251092014
10251191005
10256862076
10258339983
10260277796
10260322574
10260453074
10260788316
10261063533
10262426146
10262511314
10266421565
10268190296
10269033444
10269144874
10269184224
10269255324
10269442243
10269887073
10270409806
10270530843
10272225795
10272923385
10273157094
10273243696
10276893705
10278100043
10279712575
10282696806
10282933823
10283435064
10283520756
10283835145
10284948443
10285042175
10285437254
10289081554
10289154426
10289858844
10293033205
10293266314
10293495934
10293776283
10293885154
10294103914
10294323556
10295688115
10298211455
10298519825
10298949755
10299591063
10300753825
10301327905
10301328754
10301344034
10301474614
10301493404
10303974766
10304783186
10304841574
10304934776
10305332506
10309172125
10309302405
10310200323
10310411194
10311292774
10311846345
10311905995
10314704633
10314987884
10318391396
10319955746
10328699413
10330114474
10331048975
10332372675
10334036863
10334742283
10336145024
10336316683
10336388323
10343513525
10344918584
10345814705
10346598243
10346822593
10348210876
10354664875
10354665674
10356009034
10358265534
10358287555
10362433193
10362467265
10362582416
10364747045
10364874243
10364985985
10365173314
10367613443
10368051675
10371901174
10372080835
10373351053
10374533556
10374586986
10375633113
10376153023
10378374194
10378942245
10379262403
10381156595
10383184674
10385291193
10389257713
10390156214
10393592606
10394167015
10396747834
10396776713
10399659303
10400481253
10402200756
10402854015
10403015926
10403065203
10403276914
10403587116
10403657975
10403810373
10405606625
10407322036
10408816003
10408832556
10409874134
10410170045
10410609563
10411244413
10411615326
10413509223
10415484263
10415862165
10416018466
10416514014
10416635145
10416995726
10417247143
10418063404
10418780784
10420636565
10424343773
10426041415
10426778285
10430578943
10439010575
10439619736
10441482074
10442140814
10442284976
10443054344
10443394994
10447329873
10449769265
10451399335
10451437296
10452219243
10461562866
10467216636
10468433653
10478193765
10479584244
10484015586
10487807985
10489940795
10493832296
10499629293
10507630124
10507843963
10509214753
10511860586
10515593313
10515736964
10516106235
10518547306
10519027165
10519255686
10519414294
10519636706
10524761545
10528260825
10529460295
10531060103
10533828203
10535252443
10539618754
10540226526
10540929136
10541674206
10541957345
10544504445
10544968676
10546702666
10548642096
10548943704
10549294326
10550492855
10551621263
10551903366
10554657406
10555659143
10555959054
10561351924
10561376964
10561612464
10561753514
10562549244
10564501684
10568276804
10568912966
10572431216
10573356405
10575051574
10580012666
10580038115
10587553885
10587839163
10588907835
10589552533
10589973444
10591101405
10594354324
10595158054
10595208624
10595868874
10598352733
10598430253
10600758645
10602295346
10602609665
10603116744
10603991023
10607488436
10608149786
10609074494
10609079093
10613183654
10613682154
10613903173
10615742203
10618201626
10622567214
10626982476
10631633446
10632374374
10637226213
10638346196
10638592845
10640760475
10641429754
10643809855
10644489755
10645009673
10645559433
10646170995
10647454083
10647549933
10647831414
10650222966
10650318033
10650435873
10650480393
10650912286
10652894804
10653458466
10654883324
10655731314
10655736795
10655984275
10657130163
10661641226
10662490795
10663487126
10664784123
10665407735
10669918975
10671173424
10672961166
10674859116
10674965253
10675142453
10676986744
10678516265
10678892115
10684646295
10685885304
10689031533
10690135403
10692096584
10698279846
10699033476
10699041045
10699327425
10703846276
10704010766
10704204056
10704723405
10704846424
10705684894
10707031403
10707089194
10712300736
10714476764
10715691733
10718875906
10719398803
10724200066
10726063734
10733208324
10733508894
10734352075
10734408575
10737124255
10737955175
10739088605
10741606136
10742895566
10744351936
10747523575
10749356236
10750080776
10751279206
10754994434
10755324855
10755524486
10757453096
10757665224
10758643876
10763311966
10766361433
10766956563
10767323643
10768390514
10769006506
10771204203
10776010755
10776391753
10777363035
10778674796
10779409356
10784646436
10785910905
10788217144
10788935875
10789076674
10789487725
10789921776
10790974183
10796634124
10797528763
10800757584
10804133743
10804836215
10805750125
10806068385
10807691775
10807725833
10808634266
10810833033
10811140073
10814455863
10822210575
10822408183
10825836404
10827577696
10829281095
10830466653
10831296654
10831375623
10832080844
10834025074
10838854063
10843664594
10843942714
10846269015
10847715795
10849614334
10849828103
10850764525
10850891044
10852798526
10855761985
10857030713
10858959506
10859698733
10861228933
10862618286
10862648725
10862743574
10863664106
10864910934
10865430135
10865685676
10870794253
10871504945
10871715054
10874742575
10875174565
10876117153
10879347934
10879349394
10879527433
10879814375
10879824545
10880016154
10883492316
10892303184
10895276104
10900661005
10901905305
10902337565
10902922174
10902969174
10904156616
10909894016
10911924905
10912698533
10913372886
10914561934
10917783785
10929947496
10930123764
10930170215
10930277695
10931011575
10932132686
10933046134
10934353064
10934566656
10935783746
10936810876
10936841746
10937010616
10937202604
10942694023
10952741273
10955762525
10959959946
10959962233
10960147794
10968660934
10971692794
10974331303
10975498125
10975656506
10975803045
10977193056
10978995644
10980858806
10984388236
10984425944
10984439684
10984962356
10984965076
10986468945
10989927245
10990170316
10992588443
10993074475
10994259596
10994567363
10995295793
11002439024
11005549784
11006185755
11012065424
11013910606
11015043195
11015116215
11015210543
11018334933
11021318824
11021613826
11031060174
11031119714
11031382533
11031980513
11032358843
11033440525
11034392773
11035532135
11035846803
11035978575
11036709584
11037200163
11038389283
11040123384
11040371183
11042943314
11043890353
11047079046
11052360844
11052877446
11053561585
11054219516
11054409606
11054519173
11054700374
11054726724
11056375776
11056631015
11061146406
11067194943
11070054273
11074789685
11075322745
11077057155
11077234953
11079610726
11091459123
11095446086
11096679404
11097972495
11101385665
11102187285
11106225323
11107291605
11107358414
11107481144
11107799985
11110520154
11110817893
11112084046
11116337094
11118271553
11123514923
11127022065
11127054355
11130214405
11136734675
11137230034
11138650945
11139501396
11142322535
11143550276
11145425466
11145931114
11147323444
11148592003
11149736404
11155497095
11155561436
11155644323
11157044443
11162663023
11163198684
11164179955
11165766735
11166030625
11167413156
11167734274
11168510956
11173103345
11173474904
11174050396
11174731845
11176132154
11177845264
11178358835
11178811574
11183370794
11187462323
11189098444
11191987833
11193840223
11197869563
11200162963
11202123433
11202498905
11202518065
11202587793
11206628743
11206833454
11213134876
11223488274
11229657353
11238021563
11239048663
11240981466
11241009645
11246173935
11246919665
11247366884
11251040813
11253081665
11254266446
11256337745
11261249235
11261576526
11262848583
11265508193
11266269975
11266369563
11268495223
11276550995
11277488713
11277683376
11279026436
11280378396
11281881345
11285426733
11297254545
11298802745
11300005034
11300271166
11302299863
11304771453
11307509783
11314063003
11316981366
11317735705
11317797225
11319464634
11319484974
11319552463
11319895585
11319982033
11320241864
11320366073
11321154533
11321483245
11327320444
11330218783
11334224545
11335050315
11336119374
11337752403
11342080645
11342264105
11345475326
11346042036
11346702344
11350155853
11350870716
11354653593
11355622165
11355888564
11357416974
11358308714
11359942774
11360092325
11372281503
11372881706
11389824294
11390912394
11392693504
11395027003
11395962915
11396885326
11400834985
11402461073
11404831746
11405647574
11408757053
11410168645
11410301496
11410590625
11432895153
11437109045
11438478853
11439629234
11439716905
11444294614
11444545643
11448976285
11451906415
11453615194
11455782116
11457261343
11466529346
11468543515
11469463975
11473868084
11475340963
11475994633
11476849246
11489672745
11492441213
11496026276
11498619025
11499093033
11502573056
11504287174
11505289065
11505395284
11505796973
11506158344
11509146135
11511631624
11512187706
11512625524
11512731593
11516643326
11518280305
11518767955
11518925934
11518956684
11519128373
11519218386
11521534185
11530917703
11530924456
11535605935
11535755856
11535799246
11536003894
11540341435
11546521734
11548612796
11548664204
11549166534
11553164686
11555305674
11566301523
11572102724
11573815166
11577393125
11587165933
11587611396
11593507763
11594468593
11600661964
11601261825
11601548643
11601789385
11604621926
11606995275
11608490964
11610368784
11610989294
11612589264
11615401535
11615910595
11616696406
11616915506
11617353226
11617392904
11617769016
11618121114
11618142816
11618191233
11618241846
11618284403
11618318835
11618399596
11618411344
11618451905
11618921503
11619290564
11634982345
11639772726
11645189794
11646290364
11647410165
11650481194
11651127324
11654058533
11654296866
11656151535
11661185676
11667334403
11669685454
11670084943
11670806864
11671648175
11671877756
11675291223
11676107755
11677249555
11677714766
11678866123
11679933974
11681164064
11681591664
11686803225
11688140134
11691779586
11696294434
11696334774
11699966404
11702975393
11704603375
11716924616
11717713365
11718003796
11718672513
11718762574
11719169816
11737112314
11738345195
11740071233
11740894763
11748919495
11751170256
11752985306
11758997553
11760584664
11762017223
11762258663
11764734555
11767060126
11767935653
11768467745
11769073214
11769442133
11769671593
11770890753
11770945164
11776379186
11776620696
11777009754
11794395623
11795212184
11796544455
11796756453
11804322134
11804890983
11811411696
11816207134
11816376473
11816545803
11816934533
11817086754
11818011836
11819406245
11819452805
11819669763
11819689993
11819752754
11819838584
11820886865
11825466575
11825738343
11836348884
11837283344
11840842916
11840926034
11841365395
11847017185
11847921203
11848651113
11848852106
11851372603
11851924904
11852142475
11852163783
11852513024
11852932596
11855018964
11855304803
11857137003
11864303115
11864975096
11873020513
11876445604
11879415016
11890691403
11895321235
11895846555
11895913223
11899330544
11908952973
11910734525
11912133954
11922601026
11927128904
11927381943
11930133434
11934584465
11935746784
11937745695
11943663595
11945818994
11948208334
11955343655
11956244013
11957881415
11958042355
11962726423
11962744605
11962906503
11964359303
11971632294
11972655425
11972955563
11973536625
11980746566
11987222036
11989220955
11991050005
11993028654
11995336825
12015624506
12016637843
12017559835
12030856724
12031865793
12038249046
12041497756
12045602674
12047560154
12047883895
12055459256
12056934403
12059671645
12059832275
12060047824
12060124674
12060567986
12060585936
12062137393
12063144824
12070993494
12075081266
12087446433
12096007206
12103449713
12104721213
12105543523
12114595824
12130045853
12130771355
12134449736
12138168096
12139916103
12140482284
12141818696
12145070453
12153833104
12154087145
12163718573
12163891826
12164539774
12166802273
12173886003
12174214063
12180399656
12181433224
12183329056
12185423684
12198468575
12201528133
12201698163
12206175116
12216298363
12222616455
12229551934
12230537025
12241100376
12241570856
12245290084
12245498994
12247341325
12248715685
12249806533
12251196063
12251589416
12255116255
12256653755
12259201706
12262635796
12269380984
12277507035
12279294096
12280474105
12281760755
12282338284
12289212163
12291781714
12295339254
12296575755
12302870756
12307708434
12319045073
12323557195
12333871613
12338476464
12344852984
12347984273
12364587515
12365410645
12371769745
12378320363
12378469274
12379836133
12384332973
12387765735
12392214045
12393926025
12398305533
12409555005
12413948893
12413984874
12418100894
12418192335
12418688033
12427556955
12430973573
12434092153
12443446724
12445230803
12448678923
12451683263
12452627214
12463391433
12463838543
12485522565
12489283494
12491372224
12495065523
12510839803
12513654264
12513787185
12514254984
12514257134
12518456883
12518659314
12530916575
12538097834
12542978503
12544437933
12546817953
12554065934
12554990385
12560705773
12562791213
12567890534
12568437854
12568896163
12569210654
12570067675
12574426973
12575439023
12577606293
12577655693
12599537934
12600993603
12604266554
12611956814
12612564464
12613553015
12616923284
12618544545
12625986014
12626143125
12626411915
12626653973
12626701675
12626927203
12627018685
12627126733
12627213894
12627996753
12628185154
12628221694
12631245004
12632297415
12633309375
12634267624
12637452924
12637887453
12638247174
12640539125
12657904973
12658746344
12663149784
12668772443
12670627383
12671839663
12672762843
12680861624
12681208353
12682577114
12685752854
12687991164
12688080784
12688127794
12689671733
12703836034
12706258395
12707474135
12709674825
12721340144
12731106895
12732993404
12736817044
12739273104
12741203354
12748050544
12748727945
12748914755
12749330495
12754322005
12754929273
12767013515
12767037805
12768724514
12775373424
12777396123
12780985344
12782027473
12791721694
12799638675
12799897284
12801139264
12801857934
12804845954
12807487013
12808980324
12814521694
12823708325
12823734415
12825974533
12830403473
12831491114
12833707953
12833723613
12836178865
12836228045
12837299003
12842155435
12844511454
12847562735
12862693364
12867048564
12884738303
12887286683
12894881485
12896107834
12896581204
12901086773
12910408504
12912625214
12912950563
12913275024
12914240154
12925937494
12934751275
12943687074
12943741794
12959441084
12959513173
12959542203
12960743433
12961516544
12966679365
12966861773
12967943874
12969526835
12972674024
12979144903
12997047584
12999913715
13000808884
13012457493
13056778985
13070540165
13070645193
13075654085
13078238485
13079196813
13087683055
13097143745
13104739855
13109020555
13113720025
13114945554
13115209993
13116128955
13120966293
13131906924
13134342864
13141403365
13147163014
13155013454
13158044224
13159723185
13162057563
13163563303
13169439853
13195372194
13196006964
13199077865
13200715344
13201405054
13202593643
13207312584
13211073084
13211388314
13212500155
13214944314
13225187423
13228101694
13237395744
13237923554
13239267793
13246028335
13255084655
13255478875
13274600905
13276798725
13283708404
13299270053
13304477594
13304489994
13304507784
13309733725
13309920653
13330338615
13330635873
13336380864
13342055334
13342419794
13343319675
13347382883
13347472975
13347486575
13351860934
13358552694
13363764575
13363870713
13369889243
13370773525
13377203115
13378754543
13391382654
13391998135
13393276603
13396216714
13406426835
13425786313
13426953335
13427796533
13433440763
13436947543
13437374684
13439422055
13446930944
13452388414
13461252833
13465187533
13471351884
13475983893
13479908843
13483099155
13489932535
13492459495
13497706223
13498034763
13505784084
13512796714
13513950783
13516541083
13527370804
13527926113
13528025293
13536857664
13546336715
13549368733
13550015274
13564609025
13566676473
13566711334
13570368503
13577875474
13578277534
13581317404
13581594254
13591301834
13591941833
13600178395
13604553833
13614211585
13614342903
13615634705
13615990133
13616850783
13623723985
13624752195
13628372594
13628402283
13632866444
13634028543
13634756734
13636436823
13643125283
13646272503
13646361504
13647417195
13650585903
13655111924
13660516085
13663570505
13668321754
13672640934
13674590664
13674614713
13677414445
13678035455
13678936583
13679327803
13679877065
13680603443
13687224154
13692914844
13693926105
13694536675
13706109993
13716433785
13718216213
13718225003
13735119715
13740959363
13743504693
13744577454
13748136593
13749723064
13752950313
13759441044
13761891093
13762334715
13764054174
13769030514
13769141723
13769322783
13769565744
13779867624
13786331944
13823141304
13830086735
13830416134
13846144764
13849083913
13849424695
13849774404
13850314664
13854049045
13857615513
13862096323
13876888135
13886340703
13887519265
13890438457
13891095872
13891657230
13891733128
13892130183
13894685204
13894688486
13895514656
13896135567
13896922753
13899255943
13902152267
13905163852
13908438994
13910334426
13913862501
13917345940
13917575564
13917634119
13918265685
13918377346
13918697604
13922501151
13923727755
13930954582
13931146172
13931158302
13937196006
13937374416
13938303368
13940492140
13941961068
13943488476
13948324275
13953823386
13954031233
13958377792
13958774918
13959205830
13960968557
13961174103
13964714798
13964738129
13967402535
13970096754
13970476840
13973006050
13973049357
13973788531
13975413310
13976429840
13987534725
13989058846
13990042536
13994835188
13997460901
13998436533
14000158514
14000325481
14000327562
14003849021
14004396647
14005668181
14009598081
14009835941
14015126604
14016533841
14017374261
14019379405
14020881342
14024608815
14027972665
14033868880
14034132743
14038579323
14039125352
14039471815
14039710709
14040383291
14041231926
14041622900
14047605073
14051636741
14053057410
14057633220
14059621267
14060061888
14062111458
14071475050
14071538337
14074321827
14076682390
14076895095
14078879190
14080081077
14092162507
14094152298
14095573796
14101459199
14104989922
14105881802
14107296752
14107500060
14111100793
14114387203
14116298855
14133032197
14133775103
14134922666
14135112957
14135178926
14138443389
14139120107
14140135313
14140250816
14141044330
14144858706
14148076121
14148552532
14153040092
14154695778
14157462712
14159507406
14162119742
14163057035
14164692526
14170339583
14171649949
14172642458
14172651113
14172806226
14175492687
14177873671
14192181553
14192585574
14196830528
14202352046
14202823664
14206388092
14206969375
14207699908
14213227034
14216098625
14218278640
14218384922
14230734283
14231232596
14233542024
14235177874
14235471303
14237790446
14239195818
14239468159
14246307941
14248796619
14248966132
14249195264
14249561383
14251860394
14255500780
14256400001
14256600248
14258558989
14260373677
14262616998
14268505422
14270518626
14273958925
14274498668
14276192699
14279747707
14287652458
14297062860
14298320416
14299846660
14301166996
14301310082
14302071331
14306242936
14310134253
14313285221
14314146036
14314675470
14318812501
14319574099
14330282992
14331654713
14331661516
14332506404
14333124295
14333905015
14334580487
14337952307
14338806301
14339441802
14345203675
14345492150
14348507308
14350323931
14354120581
14360225241
14364482600
14365423912
14367566063
14372308886
14372462058
14374501835
14375404787
14375768652
14393268058
14396591012
14399460333
14399487813
14402848561
14404056959
14409903034
14409986670
14410212039
14412537251
14416421001
14416589880
14417352351
14417636879
14417759849
14418675808
14432398799
14432799889
14433282690
14433841630
14433879054
14439828153
14442850737
14444973256
14448763165
14451190469
14454409288
14455157951
14456621975
14457957361
14461972616
14465482868
14466622259
14467627675
14469770038
14470764859
14471770639
14471905421
14472044271
14474015953
14479755925
14487916161
14490056306
14493915857
14493916798
14495237644
14496301826
14500785841
14506205537
14507561934
14509491498
14511869854
14516316084
14516635500
14517336559
14517508721
14518092222
14518205110
14531591202
14532972075
14534386113
14539904796
14540338463
14540887918
14543002301
14543442787
14545571786
14546926969
14547805374
14548127469
14549976140
14552150056
14553388126
14555639065
14556234101
14556643489
14560190796
14561627152
14562494805
14571652671
14571947825
14573638419
14574004004
14576253381
14577911091
14589440939
14590633121
14591274015
14593618432
14601292053
14602285529
14605966890
14609458568
14619314774
14631273350
14637804305
14644335426
14646209608
14647987675
14649102950
14650659677
14651230598
14657320213
14658040648
14658216947
14660118723
14660721864
14661631563
14661919390
14665902732
14667383478
14679205231
14679443641
14687488506
14689289323
14690162945
14692067540
14692109317
14693329268
14694577533
14695803215
14697519656
14699433634
14701389157
14703692655
14705576202
14705630549
14706119427
14714305009
14714745277
14715796323
14717462404
14733316411
14734334814
14735405838
14740134563
14742859196
14746538780
14746755209
14747683299
14748892434
14749682120
14751344654
14758798160
14759200799
14759844058
14760733330
14761610525
14762183563
14762266633
14762428449
14762555250
14763434945
14763518763
14766680832
14768231890
14770030901
14779290211
14779831693
14780476741
14791215586
14792748220
14796410093
14799236297
14801387003
14804233302
14804255962
14809865776
14813525406
14814486756
14816279124
14833567318
14835145902
14839526388
14841670531
14842918556
14850201305
14850883801
14852928020
14854566610
14855881440
14856484022
14861203077
14861585741
14862907179
14867286338
14869108989
14869121794
14879493439
14889887747
14893734787
14896320915
14897581939
14899160713
14899616737
14902083500
14903086927
14903319695
14904410635
14904653817
14909039457
14909084554
14913551294
14915173978
14936302378
14941920253
14945667021
14948778587
14954807331
14956930579
14957091763
14961636039
14970272625
14975844206
14977579183
14989424655
14991705211
14992758983
14994378425
14996843522
15002764347
15006503410
15008006579
15011816958
15012021371
15012572298
15012741356
15018234332
15019162626
15035757210
15038437005
15039119917
15041680957
15042242345
15042396176
15042559860
15044864019
15045648465
15047561342
15049043411
15049957538
15052729363
15053333403
15061684980
15062108128
15064827187
15087832512
15089102195
15091923641
15092632721
15098782500
15115076468
15118299885
15131011045
15135922199
15136418846
15136462216
15137420396
15144647860
15150208259
15151269482
15151499950
15158661979
15159056586
15159123857
15160825852
15160902082
15162499671
15163848779
15166349385
15166714001
15169375649
15169799209
15172767735
15174156197
15175102251
15176950635
15177121478
15179844079
15180214578
15195310493
15197545610
15199508347
15203418077
15203808817
15207630179
15208833670
15208987021
15211837897
15218232889
15232736996
15237109350
15238182563
15244388710
15245806868
15262083892
15269031000
15272649670
15295997766
15298766991
15301283772
15301406497
15301588240
15306517835
15307283585
15307413002
15310548674
15314363217
15314864992
15315825831
15318193682
15318353980
15330496874
15331387399
15333879756
15337156715
15340268066
15340774700
15342758444
15343646026
15343757296
15344392488
15344803495
15352645721
15353259936
15353829193
15354523838
15356151776
15357522341
15366273732
15366423938
15367075343
15369042323
15369366878
15369865087
15370096763
15371598249
15374005155
15376489967
15379127521
15380787191
15392626882
15397116344
15397283886
15397635474
15405238148
15415461700
15430184819
15430990737
15431285210
15432486693
15433800488
15443777109
15447959825
15448215460
15456817429
15458245845
15459723754
15459730714
15460048334
15460135879
15462512684
15465167061
15471905811
15491301733
15491743404
15497824137
15506917869
15508754717
15514210241
15515174404
15515657398
15531881551
15532478471
15536103982
15540946390
15545309343
15546616495
15548805225
15553592119
15564945079
15567346706
15570209962
15572726181
15577724718
15578651863
15590710592
15592300365
15592767195
15593111566
15598444502
15601549529
15602101745
15602364995
15604252935
15613106188
15617858284
15654568316
15668912739
15670700608
15697960800
15702477072
15715090157
15717326198
15719761940
15730127391
15730851400
15733665827
15736430604
15743039492
15744378223
15746518740
15747578366
15749595289
15750653377
15751732759
15758518409
15760467896
15760477714
15761459984
15763320619
15765231987
15769633485
15798145221
15806852466
15830272761
15831013547
15832389096
15835766346
15839093029
15851947934
15863784589
15866416153
15872637362
15891598074
15898675914
15901289688
15904885760
15909789752
15917266800
15930462377
15934514220
15936389177
15945983861
15946147491
15948975751
15949958465
15952450826
15954268286
15956142109
15970493320
15973778434
15976133912
15977715945
16002001584
16006275058
16009596897
16013218341
16014943003
16017420686
16017427857
16019117615
16019898135
16031790894
16037457288
16050897437
16051409743
16051483436
16051635451
16054089632
16055986878
16059543678
16061300116
16065656416
16069847203
16071033815
16077733881
16089456987
16089947944
16094483067
16095682908
16098232132
16108360810
16110030001
16110197091
16110281018
16130458787
16130859232
16131449871
16140371914
16142602195
16158175990
16160868785
16162831946
16162838128
16163599708
16165959501
16168079984
16169568416
16173589249
16175612168
16190226730
16194316263
16194345501
16197013434
16197220202
16198876149
16202322064
16202333452
16202848939
16204763483
16207948502
16218573553
16238448965
16246316009
16247705276
16251309982
16257956881
16258086970
16260481962
16264957054
16271596293
16274042690
16287767478
16292394811
16299074902
16299305260
16310559185
16311019575
16312789028
16317023809
16330421606
16331432266
16331891526
16337719846
16342584769
16345532991
16346377731
16347058627
16357734971
16359671607
16360041714
16361125883
16380949909
16389150167
16401924326
16406426150
16417074604
16431408280
16437161246
16448301646
16448583247
16460154175
16475296547
16490011608
16491505232
16495830137
16500501352
16504246821
16506155136
16509611723
16510490551
16513196271
16531388595
16538377541
16553499093
16556099941
16559099767
16578417280
16579151711
16595147835
16599038133
16599234773
16601245819
16603402256
16608332708
16612744181
16617818072
16636872507
16641899678
16643375370
16644322913
16645608615
16654875851
16662733930
16663308537
16665911245
16671417283
16698453119
16707663809
16708321905
16710514498
16710984042
16711506879
16712901627
16713203767
16734605628
16745394985
16748932559
16751434963
16752167836
16753225881
16754769376
16756117777
16759162180
16764454546
16765577457
16791975687
16809519163
16819895532
16831723250
16837656566
16858341035
16875848381
16877849516
16916751935
16936363069
16944184620
16946451158
16961369280
16973275721
16987332315
16997457108
17000093247
17000168601
17001501671
17005664085
17011075409
17031615998
17031664562
17050635805
17058333298
17070531815
17074537749
17076348267
17077004580
17080986733
17091574789
17092765428
17108384586
17114531080
17114675948
17116457933
17116503728
17133892648
17145153240
17150048771
17156224538
17160257850
17168405938
17172117839
17175787052
17177395374
17189614495
17193377018
17196500451
17203852715
17215772682
17217636572
17243335662
17265977596
17270085732
17277033303
17277755556
17302850962
17303284190
17303458285
17312887148
17316364540
17339130042
17345675600
17379005462
17396029115
17444948884
17460662050
17499316662
17506563420
17509942434
17518312853
17569195875
17571050935
17575377176
17647553358
17655397091
17693276794
17798440370
17836896944
17838967322
17854087125
17859397133
17866475399
17934983422
17952192109
17994155415
17995746363
17997110906
18018577969
18018930180
18044391115
18068678134
18069207010
18114284324
18140423299
18144799361
18152203124
18156607609
18157258924
18170374005
18171025086
18237932483
18273820331
18279513265
18364365132
18401274700
18401897905
18414099600
18438803248
18454358830
18464413401
18511273953
18541659912
18572196790
18594755319
18669155218
18669818823
18670436870
18677420872
18707631383
18751925993
18772751041
18778789302
18780881171
18790814001
18799115958
18807292049
18839048188
18874012508
18898613944
18909699833
18909805811
18932838916
18941049878
18966547438
18969982781
18970820264
18991109288
19049452319
19069040725
19074235008
19101878150
19102498692
19110992491
19135039225
19137888983
19143176519
19152125031
19166529722
19172935773
19204260158
19250922915
19254489608
19275275545
19291944969
19302277498
19306080323
19333343701
19335690870
19337447194
19347215604
19375367998
19375575970
19400152401
19409495645
19409594198
19419626444
19435000368
19444767441
19446159914
19448612930
19451571141
19464395709
19466137289
19496947502
19531391494
19544811199
19563805203
19571737118
19578306318
19611788711
19617315122
19642011145
19660652462
19666335063
19701422594
19701456661
19745163714
19750546219
19768129691
19768785595
19780300104
19807274496
19830314985
19845120656
19850435022
19871406516
19873557903
19899753025
19902944593
19911608348
19944904934
19955454148
19963749110
19973781981
19975471716
20007603298
20019804719
20031271783
20051430335
20056631193
20061291069
20069611932
20096476510
20097593752
20114545576
20117097289
20156368115
20164548650
20173713804
20197276923
20232413426
20237322926
20254697999
20271154498
20279479504
20287033433
20292019988
20311546266
20315174620
20349084932
20363272262
20368795898
20372483352
20380945661
20400035063
20442137771
20462002242
20477765093
20493131926
20498620283
20517697440
20519251799
20530315079
20575041804
20603078466
20606865263
20607819168
20611762114
20670919363
20672979673
20694942959
20733236408
20743422979
20753272355
20756646520
20757473335
20764380011
20776348093
20807394083
20810921039
20831927520
20864502466
20874622253
20932973328
20952449961
20955248833
20960016799
20966931384
21035885949
21040029538
21042358344
21042821233
21046738184
21059212412
21064611918
21096940560
21161557911
21166154072
21167506806
21173218035
21176437145
21195246604
21195983721
21197287253
21197331313
21202746003
21212193490
21239487184
21255137103
21266180913
21314591185
21333857724
21345960396
21373007056
21373241375
21377837216
21396861978
21397214990
21398271369
21402811128
21402871700
21414752106
21458028612
21458559705
21513210449
21548555343
21560224019
21561818036
21597265219
21614266671
21640444372
21667623774
21672515352
21690093480
21690746781
21710005828
21733585119
21770468798
21817011940
21836116108
21845856074
21852683168
21863520542
21891675270
21893913104
21908625618
21993636446
22038192329
22059750561
22068069962
22074357521
22093992121
22145796266
22151427589
22168066133
22168619722
22200627480
22201911401
22218503169
22243325708
22266679756
22274078212
22294324235
22311654544
22334045170
22356738443
22392165558
22408284077
22410825485
22415553343
22441904507
22443750619
22457508500
22471015428
22478820286
22507399424
22530510211
22535245263
22544105187
22551802966
22553661274
22568149288
22600781064
22611699332
22612199555
22656107360
22696905760
22707215181
22757399393
22761292190
22769755887
22793349095
22796671401
22846076614
22849375309
22872500434
22887722902
22891740412
22896534825
22906399011
22917193562
22919627771
22937536722
22938931224
22952220244
22960173263
22968292372
22980118344
23034739449
23065230360
23074765501
23079345949
23104953842
23112355511
23118909045
23143124569
23149807599
23162026653
23174225299
23178528093
23178608049
23207907353
23212961354
23216364561
23230548886
23234045895
23235316770
23237971899
23246049650
23265491004
23275792610
23277620919
23292519520
23296949229
23305760995
23308550361
23309878630
23316709566
23319287454
23330038141
23350073243
23351696419
23387919952
23400792683
23438601213
23451732023
23452261953
23465735840
23476455839
2349424942
23503914483
23507365175
23519857084
2353391172
23534906143
23561891459
23575691153
23578759319
23692441544
23702549306
23762087416
23793576184
23816859765
23832591686
23840855884
23865877676
23868943790
23899846680
23902588615
23938584669
23943996799
23944790272
23948322442
23949472632
23968783733
23970301191
23973945669
23974763651
2399689743
2400039688
2400058341
2400201502
2400219442
24002448846
2400330253
2400406674
2400420592
2400533016
2400537266
24007483500
24007995075
2401051529
24015018769
2401593777
24016064503
2401864008
2401925099
2402120275
2402247628
2402486458
2402577345
2402861495
24030191236
2403193542
24033430085
2403389230
2403707685
2403732376
24038284533
2404034938
24041385226
2404615057
2404695373
2404982078
2405742563
2407045678
2407610170
2407624284
24080784545
2408090212
2408347888
2408613677
24087607441
2409733940
2409929659
2409947086
2410023668
2410439043
2410601671
2410744573
24113211381
2411494674
24116941494
2412186609
2412534888
2412781503
2413171844
2413328289
2413425467
2413993166
24142295435
24142845932
2414330576
24145817681
2415128173
2415443414
2415942840
24164323435
2416491648
24165752211
2416952490
2418049750
2418278280
24193001771
2419490233
2421186422
24212525942
24216239802
24219874205
2426436615
24265120763
24268209309
24272294842
2428351658
24291370121
24297187813
2431559984
2431746097
2432933827
2433010063
2433355757
2433678552
2434300920
24348848389
2435168395
2435534492
2435534910
2436614532
2436963426
2437324434
24373781754
2437379877
24380788401
24387993279
2438991381
24390588849
24395240034
2439842082
24411038496
2441611053
24416483295
2442828638
2443332337
2443674928
24436855049
24437384662
2443947473
24441333932
24441727222
2446646929
2446658329
2447074831
24477540041
2448075363
2448441965
2449135318
24501084422
24507785421
2451037098
24514835353
24517434896
2452381098
2453163738
24542418631
24548107472
24561535505
24562226891
24563580756
24566043301
24566475255
2456947559
24569756249
2457639191
2457783185
2458580119
24591005862
24592665151
24595670973
24597389482
2459754990
24598472086
2460555643
2460722814
2461087659
2461319112
24640901204
24646122372
24651661456
2465539787
24661883971
2467182942
2469123278
24711021781
2471805960
2471918241
2472072622
2472108551
2472280371
2472334254
2473065495
2474551695
2476110123
2476441427
2477483038
24775515042
2477576837
2478347608
2478840161
2478857002
2479225729
2479573776
24796035439
2479722287
24798985705
2480745863
24811736031
24843698530
24860852904
2489269785
24896018989
24902490634
2490364409
24911958062
24930004821
24943889130
24950257000
2495368941
2498374593
24990972874
2500159064
2500618419
2500714338
2501779515
25032286829
25036751725
2503745302
2504013708
25047081583
25050516512
25060844300
2507338804
25079117229
2508058300
2509283218
2510405080
2510740350
2511555952
2511957680
2512861040
2514799275
2514882447
2515130384
2516592423
2517288412
2518561050
2522318977
25232824652
2527455117
2528658378
2530355507
25308212471
2531705579
2532325488
2532417541
25330123110
2533572126
2534071696
25341252053
25354916734
25355087364
25363792475
25364769243
2536852431
2536936292
2537335583
2539194414
2540146790
25404444225
2540474804
25417591544
2542489111
2542558057
2542644518
2542842300
2543054990
25431563881
2543390424
25439269751
2543976488
2544897769
2545288676
25472614161
2547320060
2547674561
25489401794
2550305227
2551700629
25532445626
25538331376
2554193477
2554453151
25548545163
25549119723
25556620061
2556073238
2557720980
2558171792
2559262257
2559597806
2559829293
25658679645
25659694844
2566336850
25663543322
2567225276
2568478940
25700223851
2570943489
25715742540
2571645804
2573139530
25737534972
2573819956
2574693508
2576959781
2577402938
2578761748
25790417464
2579884637
2580010389
2580726493
2581516164
2582347134
2582497627
25836343434
2583676110
25845162054
25851938875
2585728343
25858964186
25862692242
2586911141
2589538262
25904346646
25917853872
25932606176
2596151252
2596670896
2599063653
2599615263
26002454871
26035667980
2603851039
26043910106
2604747934
26053429920
2607794407
2611785815
2611928777
2612300432
2614222611
2614642254
26175126451
2618163933
26191045922
2619253150
26195562600
26196077682
26203743010
26212767440
26215823445
26216400885
26216840185
26217561832
26248971582
2627929034
26297501435
26305211565
2630836597
2632387219
2636807000
2637680367
2637710749
2637800057
2640083736
2640946866
2641878551
2642159176
2642798920
26430110105
2643067470
2643522823
2643715501
2647962880
2647979577
2648042374
2649481137
2650079830
2654008943
2654968008
2660337918
2660424818
2661426079
2662725261
2663820163
2665246759
2666447204
2666864706
2667871328
2668198017
2669332614
2670027214
2670449029
2672726570
2672792042
2673646019
2674746363
2674781785
2676018180
2676485816
2682220677
2686359904
2688287031
2689961411
2691896147
2693133849
2695196173
2696410656
2697020914
2699074228
2701444634
2703964669
2704021721
2704269365
2706126495
2709286233
2712701707
2715797612
2716597586
2719702787
2730260983
2730293637
2731150570
2733583103
2734904600
2735780597
2735896335
2736569271
2737347976
2741784713
2744665933
2745683063
2745859542
2748505520
2749173080
2750599759
2751599859
2754718356
2759983844
2760032718
2760144972
2762137935
2762580512
2763316579
2763979241
2765621536
2768765942
2770027013
2770130349
2774697363
2787587446
2790429687
2791009495
2793876856
2794271630
2800431975
2803343711
2804126835
2805034785
2805862182
2806807966
2807041474
2808357794
2812221223
2815824266
2818190822
2818749791
2821834453
2821956227
2823637140
2825043195
2825509732
2825568154
2825856976
2826893170
2830038118
2835420516
2837311291
2840122220
2841124059
2842658363
2845267303
2846551694
2848227729
2849477917
2849839426
2852422707
2853787416
2854189151
2857844723
2858138125
2864253675
2865843060
2866897782
2869487239
2869612768
2869762066
2872157107
2879661876
2885116538
2901165379
2905905770
2908544184
2911317824
2917825511
2918560706
2924435625
2931926420
2932274579
2932750834
2936796063
2939988331
2941133169
2942338438
2944377839
2944379941
2944381533
2945465095
2952899292
2956182653
2956576678
2957099544
2958400801
2958649406
2963059746
2963164748
2965238943
2969897130
2969961619
2973534349
2974168150
2976084040
2976345080
2976607556
2977327948
2977607153
2977927468
2987115538
2994064087
2997483697
2998997977
3000805783
3001356083
3001741957
3003589569
3004814158
3006884748
3009077086
3009916914
3013448118
3015982685
3017035451
3017183458
3018894694
3034010874
3034896252
3034939730
3039755999
3042451389
3047687881
3049062304
3049708220
3051927166
3053743116
3054305765
3059361449
3060145430
3066890858
3070651454
3073942757
3075810200
3079477692
3080269214
3088297338
3090149060
3090603183
3097899237
3100881845
3111827706
3113938260
3114368028
3114910484
3116414367
3116430557
3124793227
3129780913
3129956222
3130054731
3131184479
3132550308
3136103743
3145300302
3150987209
3155188126
3156868788
3156935848
3159589377
3165313064
3167685378
3178565545
3187360316
3199238998
3203952011
3206470596
3209573517
3210537236
3213230599
3213997318
3216251573
3216510757
3216519837
3217039653
3217099596
3217366543
3217980740
3219608560
3233447676
3234761370
3239863693
3241946018
3242702350
3242814968
3244653252
3244659712
3244834502
3247642261
3254078575
3254920864
3254950306
3255025231
3255103882
3256605925
3257050069
3263598535
3264243019
3264494598
3264525738
3264763699
3271454392
3275948009
3280064640
3287311614
3297285589
3297835879
3300758961
3302522441
3304422884
3304743549
3306127576
3308181828
3308519344
3309671466
3318091034
3327068673
3331877198
3332505197
3332519099
3333010277
3334763883
3345596115
3346353736
3349708820
3354501892
3355578474
3355590386
3356579999
3357034522
3367894370
3368789179
3370165707
3370923830
3373394481
3387428524
3391091283
3398463410
3400445846
3400716592
3401627924
3404968409
3405307310
3406309190
3408226652
3408696282
3408726700
3412575952
3428848089
3433180355
3434160464
3435446197
3438375406
3440496327
3440789056
3441916634
3445590314
3445957561
3447939072
3449312765
3449627898
3452383769
3453097765
3460922528
3466874136
3467646704
3467791294
3470384853
3470728571
3476475419
3479363381
3484306727
3487839836
3496090889
3496340474
3496562982
3499412748
3500619121
3506185815
3529491562
3533132602
3537005956
3540684965
3541740065
3549352232
3554285738
3560696121
3561729898
3568246245
3569079907
3572865906
3578197809
3580597807
3581785322
3601197408
3602406452
3602764538
3606030756
3608852610
3610820377
3617986183
3627171675
3640434984
3641126868
3642829689
3643748262
3645602418
3648692164
3650010049
3654262247
3658579993
3659089179
3662379881
3667047463
3668668929
3673136702
3673816580
3675497281
3678318292
3687584791
3690524497
3692071444
3698294237
3703429355
3703819746
3708169742
3715333813
3715689096
3718330941
3720279850
3728224387
3730739470
3735266730
3735891807
3737291752
3739167422
3744107742
3745723875
3752884037
3755228008
3758283666
3760334847
3765127633
3765632177
3768890249
3772808920
3776162169
3776416628
3780291476
3783254890
3784249995
3785143372
3786888787
3789338379
3790211467
3795118181
3799557841
3800588297
3800618505
3801440212
3806017052
3808465728
3809451827
3814576088
3815524974
3818703156
3830306672
3834643931
3842805744
3844609658
3846345099
3846547178
3850142485
3861234202
3863055318
3864590502
3868479990
3869989574
3887823461
3892456474
3892701647
3892892960
3893210449
3893983592
3894129264
3894397502
3898483262
3899349779
3899694267
3902364395
3907440033
3924056796
3930456750
3934941806
3935931471
3939361024
3944043179
3944169340
3944199378
3947987328
3956502639
3960954849
3962485642
3970504678
3972003498
3973239821
3977879277
3980273636
3989444252
3997471425
4002448921
4007231972
4007483077
4018911571
4019139779
4021250108
4039895746
4041543834
4041679776
4047356437
4047356457
4052990713
4055525841
4058987246
4059319138
4066180017
4071286138
4071795098
4076969518
4078042897
4082851578
4084367333
4088088570
4091871065
4103691629
4105599597
4107182016
4107756361
4108111438
4115519262
4116047019
4139513076
4142111802
4146625030
4148911574
4149783974
4150855462
4160911479
4164238421
4179946711
4186491405
4192538833
4193748146
4199670169
4203954697
4204850993
4208295399
4208904619
4208908247
4211790938
4212892249
4215084907
4215942329
4217108630
4219760416
4221856314
4229002959
4231906396
4236363278
4254274659
4255545505
4263011611
4264087260
4264621981
4265705216
4266232332
4274964495
4285771795
4296425900
4299158472
4302877463
4302880351
4309073539
4314437754
4330682391
4333589075
4338866896
4348215658
4356584638
4358206490
4361559838
4363810738
4365924101
4374582765
4374869363
4375424874
4375811306
4380338272
4391891332
4392714855
4392927836
4394488265
4398839512
4407737531
4408638205
4418339986
4418735255
4433918907
4440277075
4443956446
4449285326
4464220015
4465269648
4467563054
4471208223
4474188658
4476771781
4476876456
4477467479
4478689431
4478957417
4481237722
4482993800
4496039937
4497654776
4500786734
4501978012
4524563931
4526247033
4533166974
4534623406
4535318543
4537574134
4556277939
4556581545
4556724563
4557644123
4569618047
4572169062
4572863556
4574367960
4591272635
4597502265
4599632959
4609291606
4609912974
4612565425
4613913015
4618428993
4630591874
4632003170
4640257371
4642684710
4645297195
4654233337
4654587849
4660141582
4669580724
4676583799
4676629463
4679314542
4689581384
4691140654
4692135886
4702160918
4703958619
4704049923
4705083885
4705743540
4706470528
4713633200
4725051954
4733603151
4737385101
4740151221
4740654087
4745238372
4745471468
4747323323
4757748663
4759707781
4761785916
4762114381
4762822210
4763767813
4764544281
4764727851
4768002538
4769331877
4769679490
4770038552
4774107238
4775741887
4778015298
4781838982
4793164703
4797630374
4805487291
4806791047
4807450934
4812930961
4813985435
4816788643
4818690591
4819499774
4833051294
4833359287
4834895241
4842642835
4844120141
4844747732
4844760740
4846637824
4847097220
4860363291
4863501271
4876618141
4876866899
4879267914
4880169151
4881212899
4887991481
4894427017
4898506229
4905417592
4906080389
4907053962
4908548053
4908853394
4915357964
4916232042
4917319354
4930771354
4935202131
4938253795
4938443736
4942504233
4945618834
4950152521
4955342859
4955575336
4955829279
4962163759
4966075917
4969522696
4969791509
4969819365
4969885747
4978044784
4980013994
4990330117
4992689639
5003233798
5007738165
5007901986
5009811068
5010216340
5012031956
5018755088
5033241454
5036661766
5040945684
5044280569
5058572887
5058793465
5066463818
5067570815
5069885958
5078239049
5091808178
5096347523
5098596560
5098986167
5101801793
5109013379
5109281673
5114642771
5121302140
5130636766
5131919188
5134059120
5141729455
5144534807
5144902977
5144911557
5146282102
5149866848
5151745457
5155942652
5156289166
5159016779
5161604939
5163676481
5164439573
5166049478
5166924388
5168983041
5170450937
5173612648
5179163218
5179373907
5186639467
5188356168
5201407972
5201901952
5211221405
5233321558
5234307963
5234404639
5236787339
5239243702
5240568338
5241351857
5250360485
5253066293
5253753914
5255539105
5262381429
5280685581
5294336369
5302885029
5303613451
5310298152
5311092415
5311327019
5312314435
5314233080
5314988462
5317287625
5318174106
5321234097
5330844105
5336929200
5338820157
5339130859
5339642947
5359842826
5362596473
5363431452
5368913661
5371214054
5371873251
5376882261
5378591287
5390040445
5391666091
5394907577
5396656819
5396687436
5398489514
5398553125
5399107820
5401881938
5416648806
5418987734
5435544261
5435674269
5436151348
5439595577
5444601594
5450566067
5458069934
5459009255
5461014388
5465863294
5470387271
5478784978
5486110673
5488783550
5491567533
5491629220
5499103997
5501872854
5507747626
5507827510
5507840502
5510098505
5510162813
5510170191
5510563869
5510669316
5510913767
5513146557
5514419297
5519393957
5519528548
5527069843
5531629971
5536100758
5540126908
5542403912
5551070044
5554282867
5556682686
5560730023
5562643185
5573443523
5573466995
5574926513
5575802423
5578413696
5586386609
5587693474
5594660374
5597163145
5603986452
5619701011
5622379965
5627428474
5635264809
5642996360
5643015144
5645498435
5646387976
5647723946
5647899837
5649090558
5659209840
5664339271
5665285515
5665289611
5666100962
5666862160
5666994155
5674591986
5674639569
5675105695
5676846640
5679348940
5680672271
5682678412
5684596137
5698751218
5699315252
5701118586
5708413989
5712753708
5720428065
5730258439
5741911856
5742598969
5752227831
5752401841
5755409548
5756223387
5758124127
5758999454
5764347638
5764390129
5764710317
5768277422
5772785152
5778231609
5787915380
5793112215
5811297725
5814217146
5817073487
5836658852
5838796714
5843352208
5845692636
5848310895
5849980407
5852131695
5857670357
5867855574
5868890198
5870873187
5876571050
5877874079
5889809893
5894621417
5897742555
5897792803
5902352626
5905284057
5908145948
5908607668
5911022795
5911132210
5913479996
5914810841
5917507865
5918709432
5931462263
5938697045
5939828200
5942151666
5949423104
5953676775
5955440127
5957039270
5958614838
5958879973
5968316352
5969562303
5970744304
5970790032
5974864913
5980445778
5995211091
5996539062
5997002205
6001782409
6001818583
6001867544
6002743070
6003238780
6005268408
6010226780
6012883368
6014849685
6017227271
6017825376
6036073280
6042638585
6043997584
6046499348
6047731689
6057532416
6059486926
6064987588
6071587722
6071699426
6072397874
6075195460
6081521213
6082688188
6088730591
6090291788
6092247516
6094481659
6096335854
6102077560
6110672597
6114573971
6117119156
6130100819
6133863693
6145211268
6149567083
6152862512
6154638290
6158119035
6164157693
6167541344
6171278245
6172298628
6198820813
6201198062
6206637506
6244977592
6245333311
6249651473
6261647943
6270316380
6271803104
6275551578
6278649656
6293939863
6294711492
6308539631
6313180185
6315830580
6333679272
6334694339
6337505512
6338940269
6339589146
6348380033
6351678946
6351680158
6357562861
6358804835
6362678251
6373083045
6375770777
6375957621
6377731823
6380071505
6399561483
6446508909
6456451537
6457319911
6468618045
6478097499
6502075235
6511377287
6553965021
6558943383
6560074969
6600858893
6612888183
6674495691
6691979883
6698781095
6701917429
6713461701
6763287623
6778278491
6779085859
6791290395
6794379501
6794781852
6799554391
6804875282
6810175820
6817620908
6829767214
6835308346
6840514460
6840748736
6841561522
6841815792
6843447412
6844504121
6845059375
6846173823
6850311659
6856072688
6862886262
6867951329
6878314686
6903609419
6912698550
6920770729
6931325226
6944171058
6949404046
6949823718
6951214175
6954109769
6956745997
6961386892
6961632626
6965872045
6969611424
6971167109
6972380740
6979314216
6987540180
7003081864
7049563455
7049986499
7100477691
7104128657
7112457885
7150082359
7155277644
7157795713
7158118499
7158667498
7172778250
7173490604
7174356409
7178596236
7190266144
7198897784
7199506060
7213795848
7229827950
7240914880
7241520620
7244258514
7245695878
7246327910
7247392598
7260204800
7271254440
7273248910
7273776544
7274976172
7276474728
7277670018
7289779262
7300978282
7310355680
7313183664
7338977046
7340447354
7343260800
7360532646
7372537996
7410593986
7442169054
7469332114
7469578706
7470871948
7474343144
7476832558
7478611096
7494494812
7496908976
7499427298
7506048068
7512394250
7512578160
7516587590
7522377658
7533334988
7547102094
7554025502
7562129274
7603963810
7605329964
7643117142
7663342342
7671373530
7694053380
7694805262
7715486158
7716490294
7717889374
7733325356
7734725364
7735003922
7779074202
7779312522
7787023850
7790133722
7795200872
7798582860
7806781938
7810552196
7814345864
7819781006
7833081904
7852919684
7856567402
7857919764
7867973682
7873030144
7875463608
7876796736
7880388190
7888986896
7901040456
7930546804
7933792772
7945244110
7947840304
7953969930
7956077018
7962696058
7967314276
7972103866
7978232913
7989812769
7992305911
7993495006
8006772217
8006892811
8007477458
8017701423
8018840748
8019716835
8024226986
8030352687
8035182014
8045782561
8047000818
8051167857
8067079433
8072494751
8090600322
8096024158
8105741861
8106905913
8106947304
8111956605
8112009439
8118450209
8132257068
8134757503
8158898937
8161297131
8182760380
8199802431
8211118334
8211193624
8219324264
8233082300
8245848177
8248821321
8248869329
8253258879
8258496480
8260849374
8269257710
8294193610
8312510474
8323353071
8352610491
8358303206
8367136282
8385408608
8387833798
8410865289
8419735001
8426678183
8446587240
8450831746
8459080556
8488653494
8489164872
8500193250
8503027687
8507698198
8511018209
8533804213
8537362939
8543297204
8552359021
8553331640
8553752644
8556519537
8556638197
8561626142
8584455295
8591021751
8592027166
8592072066
8592181162
8600797419
8601484434
8601604848
8602971513
8604000118
8604148010
8613704327
8615786057
8617104020
8625525154
8636271163
8641636161
8666809569
8685586351
8687026000
8701346503
8709690581
8714542186
8717062013
8729731258
8730524090
8749756282
8753946540
8837748719
8848588825
8862015067
8896909267
8924137806
8933396211
9008457402
9031968029
9045849837
9080658479
9087715495
9111709813
9122002459
9145647060
9175577469
9180650715
9184359563
9187993522
9193451464
9215824207
9218745701
9242623915
9259220279
9266998808
9276158075
9279719373
9295442092
9303185386
9307369438
9332681235
9335853712
9347752214
9372179402
9372364434
9387414865
9402179019
9410427576
9442515943
9452406957
9462621798
9481100387
9496193234
9504119216
9516539498
9568413072
9613982528
9616332256
9635318767
9648679883
9651880330
9651952608
9667255953
9670737746
9699758329
9704522001
9704569554
9762744161
9762795741
9766489583
9767649022
9772680313
9780716912
9785132195
9856862484
9860565063
9866420134
9868966453
9877663905
9903380516
9917602125
9952788373
9953209635
9963195675
9975902943
9992131795
9992764145
9992775564
9992781154
9992787425
9992947874